3
9
18
25
43
47
49
58
63
75
79
84
86
89
91
106
111
115
123
129
138
144
155
157
165
174
177
187
199
213
218
219
230
253
255
261
265
290
297
314
318
327
333
335
345
351
355
365
380
387
389
393
395
399
433
441
449
457
462
467
468
475
486
490
499
503
509
513
516
517
534
540
541
547
570
579
599
602
612
630
637
648
653
660
661
672
678
693
703
724
740
760
776
787
795
798
806
830
842
845
848
865
867
883
884
885
890
912
918
922
923
927
933
949
961
962
968
974
982
1007
1011
1012
1014
1027
1040
1042
1047
1056
1058
1075
1078
1084
1099
1100
1104
1110
1113
1115
1143
1144
1193
1201
1204
1205
1213
1218
1222
1224
1227
1246
1255
1258
1278
1284
1285
1291
1326
1327
1344
1347
1362
1373
1377
1380
1383
1390
1434
1436
1446
1450
1451
1468
1480
1488
1504
1506
1519
1520
1531
1581
1583
1592
1595
1601
1603
1608
1615
1617
1623
1627
1628
1656
1657
1663
1664
1677
1688
1705
1713
1714
1719
1720
1734
1738
1743
1745
1770
1789
1813
1824
1826
1833
1834
1836
1838
1843
1847
1855
1858
1863
1872
1885
1889
1896
1904
1910
1913
1919
1928
1937
1938
1954
1956
1971
1979
1984
2007
2014
2024
2026
2028
2030
2062
2065
2066
2068
2075
2077
2098
2128
2157
2159
2166
2170
2171
2179
2193
2205
2209
2212
2234
2243
2249
2300
2302
2309
2317
2329
2346
2354
2369
2385
2396
2399
2410
2413
2415
2424
2443
2445
2449
2450
2451
2454
2463
2477
2487
2492
2520
2534
2536
2539
2554
2567
2578
2589
2594
2604
2610
2615
2644
2648
2677
2687
2690
2698
2746
2765
2778
2791
2793
2807
2811
2847
2868
2885
2889
2902
2928
2938
2940
2946
2949
2957
2975
2994
3011
3012
3017
3031
3035
3048
3055
3057
3062
3073
3091
3099
3110
3114
3135
3139
3146
3151
3152
3171
3173
3202
3203
3206
3220
3236
3237
3238
3242
3252
3253
3256
3257
3258
3271
3275
3277
3287
3289
3292
3310
3322
3326
3331
3334
3339
3343
3349
3359
3360
3371
3382
3396
3408
3422
3431
3447
3448
3449
3456
3464
3476
3483
3486
3490
3496
3506
3509
3510
3519
3527
3545
3561
3566
3577
3585
3586
3599
3624
3633
3654
3664
3668
3670
3671
3674
3680
3686
3689
3690
3700
3704
3707
3708
3713
3732
3741
3757
3759
3762
3776
3779
3781
3789
3800
3810
3811
3812
3818
3821
3831
3832
3834
3837
3852
3859
3882
3886
3908
3921
3925
3931
3943
3949
3951
3957
3960
3969
3971
3981
3990
3996
4004
4007
4010
4015
4028
4032
4057
4080
4092
4117
4120
4121
4148
4150
4152
4160
4172
4176
4182
4183
4201
4215
4221
4255
4266
4270
4272
4275
4281
4283
4287
4292
4318
4330
4335
4347
4353
4354
4358
4365
4368
4388
4397
4417
4425
4426
4429
4430
4451
4479
4494
4499
4500
4504
4517
4524
4530
4538
4541
4551
4552
4559
4560
4562
4564
4579
4584
4595
4607
4629
4631
4636
4642
4648
4650
4659
4662
4684
4685
4691
4696
4716
4717
4731
4751
4754
4765
4775
4789
4793
4794
4802
4811
4820
4822
4823
4824
4827
4832
4834
4838
4840
4866
4869
4873
4911
4918
4920
4923
4927
4940
4954
4960
4963
4969
4977
4987
4991
4993
4997
5008
5013
5022
5024
5031
5034
5048
5051
5065
5067
5075
5077
5104
5109
5111
5134
5142
5168
5210
5225
5227
5232
5233
5236
5239
5248
5254
5262
5267
5278
5281
5283
5294
5301
5310
5315
5317
5319
5325
5327
5351
5352
5364
5365
5368
5370
5371
5380
5386
5389
5396
5405
5412
5433
5444
5451
5469
5472
5495
5506
5518
5522
5523
5527
5528
5535
5558
5562
5568
5578
5579
5583
5588
5594
5599
5609
5625
5639
5642
5644
5660
5669
5674
5681
5699
5708
5725
5730
5731
5745
5749
5755
5756
5770
5782
5785
5854
5869
5870
5884
5886
5896
5921
5948
5951
5987
5994
5995
6008
6009
6020
6026
6030
6054
6058
6072
6081
6083
6085
6105
6110
6147
6159
6214
6215
6224
6226
6232
6259
6260
6278
6283
6287
6297
6303
6306
6316
6363
6367
6370
6397
6419
6446
6482
6484
6491
6494
6509
6527
6531
6535
6537
6540
6543
6546
6551
6552
6556
6569
6570
6580
6592
6601
6642
6646
6652
6656
6681
6694
6700
6709
6734
6741
6746
6751
6766
6786
6789
6798
6806
6814
6816
6822
6825
6829
6831
6838
6846
6863
6875
6879
6890
6924
6926
6929
6941
6974
6987
6993
7007
7012
7024
7033
7038
7049
7069
