Review_Number
1
3
7
9
18
23
25
28
38
41
43
44
47
49
56
58
59
63
66
69
70
72
75
79
82
84
86
88
89
91
106
110
111
115
123
124
129
133
136
138
143
144
148
155
157
165
168
174
177
178
187
199
200
201
213
218
219
221
225
230
238
239
242
243
244
250
251
253
255
258
261
264
265
266
268
273
281
287
290
297
300
306
307
314
318
319
322
327
333
335
345
349
351
354
355
361
365
369
372
376
378
380
387
389
390
393
394
395
399
402
404
407
409
411
412
414
416
417
420
421
431
433
437
441
446
449
453
457
462
463
466
467
468
469
470
471
475
486
490
492
493
499
500
503
505
506
507
509
511
513
514
516
517
521
522
525
528
534
540
541
542
547
553
554
555
559
560
562
570
579
590
594
597
599
600
602
605
609
611
612
614
620
630
632
633
637
638
648
653
660
661
667
671
672
673
676
678
680
684
688
693
698
703
706
721
723
724
726
730
738
740
756
760
763
765
768
776
787
795
796
798
800
802
806
811
815
818
823
825
830
834
842
844
845
847
848
853
858
865
867
869
873
883
884
885
890
891
895
896
898
900
902
908
909
912
917
918
921
922
923
924
927
931
933
944
949
958
961
962
966
967
968
969
970
972
974
975
978
980
982
996
998
1000
1007
1009
1011
1012
1014
1022
1023
1027
1028
1040
1042
1043
1047
1052
1054
1056
1058
1059
1067
1068
1075
1076
1078
1084
1087
1090
1095
1096
1098
1099
1100
1104
1109
1110
1112
1113
1115
1125
1127
1130
1141
1143
1144
1153
1157
1164
1165
1168
1175
1179
1188
1193
1201
1204
1205
1209
1213
1216
1218
1222
1224
1227
1231
1232
1243
1246
1251
1255
1258
1265
1278
1281
1284
1285
1291
1292
1294
1309
1313
1316
1322
1323
1326
1327
1344
1346
1347
1352
1356
1362
1371
1373
1377
1380
1383
1390
1392
1399
1405
1413
1426
1431
1434
1436
1443
1446
1449
1450
1451
1462
1465
1468
1470
1476
1478
1479
1480
1484
1488
1491
1493
1504
1506
1507
1510
1519
1520
1521
1523
1524
1526
1531
1532
1533
1536
1538
1539
1540
1546
1551
1554
1565
1576
1581
1582
1583
1592
1593
1595
1596
1600
1601
1603
1605
1608
1611
1615
1616
1617
1623
1627
1628
1636
1640
1642
1647
1650
1652
1656
1657
1663
1664
1666
1667
1677
1688
1696
1698
1705
1710
1713
1714
1719
1720
1723
1734
1738
1739
1743
1744
1745
1752
1753
1756
1770
1778
1783
1787
1789
1793
1800
1812
1813
1820
1824
1826
1831
1833
1834
1836
1838
1843
1844
1846
1847
1849
1855
1858
1859
1863
1870
1872
1874
1885
1889
1891
1895
1896
1898
1904
1910
1913
1915
1917
1919
1920
1927
1928
1937
1938
1954
1955
1956
1960
1964
1971
1972
1973
1979
1982
1984
1990
1992
2000
2006
2007
2008
2014
2015
2022
2024
2026
2028
2029
2030
2033
2034
2037
2050
2055
2062
2063
2064
2065
2066
2068
2075
2077
2078
2088
2092
2094
2098
2105
2108
2111
2112
2116
2121
2123
2128
2129
2131
2143
2154
2156
2157
2159
2162
2164
2166
2168
2170
2171
2173
2179
2181
2193
2194
2204
2205
2209
2212
2223
2234
2235
2238
2239
2243
2248
2249
2250
2253
2255
2257
2263
2265
2273
2274
2283
2289
2299
2300
2302
2303
2309
2317
2318
2325
2329
2332
2338
2341
2346
2349
2350
2354
2356
2364
2366
2367
2369
2370
2379
2385
2389
2396
2398
2399
2406
2410
2413
2415
2416
2418
2419
2420
2421
2424
2425
2433
2440
2443
2445
2449
2450
2451
2454
2463
2474
2477
2479
2481
2482
2485
2487
2492
2507
2509
2511
2515
2520
2534
2536
2539
2553
2554
2560
2567
2569
2571
2573
2577
2578
2579
2585
2589
2593
2594
2596
2599
2604
2607
2608
2610
2615
2631
2634
2643
2644
2648
2652
2668
2677
2678
2681
2687
2690
2693
2698
2703
2704
2719
2721
2724
2745
2746
2750
2753
2757
2758
2762
2764
2765
2766
2771
2773
2778
2779
2782
2785
2791
2793
2794
2796
2799
2801
2807
2808
2811
2825
2826
2831
2838
2847
2866
2867
2868
2869
2870
2873
2877
2883
2885
2887
2889
2890
2895
2902
2903
2922
2923
2928
2929
2936
2938
2940
2946
2949
2953
2955
2957
2964
2969
2971
2975
2977
2985
2991
2994
2996
2999
3005
3011
3012
3013
3016
3017
3018
3019
3020
3021
3030
3031
3035
3041
3044
3048
3049
3051
3055
3057
3061
3062
3063
3066
3073
3084
3090
3091
3093
3099
3108
3110
3112
3114
3115
3117
3129
3135
3139
3146
3149
3151
3152
3153
3161
3164
3167
3171
3173
3177
3186
3199
3202
3203
3205
3206
3211
3216
3220
3221
3225
3236
3237
3238
3242
3243
3251
3252
3253
3256
3257
3258
3262
3263
3264
3268
3271
3275
3277
3287
3289
3292
3306
3308
3310
3322
3325
3326
3331
3334
3339
3343
3344
3348
3349
3351
3357
3359
3360
3362
3371
3372
3375
3376
3379
3380
3382
3395
3396
3398
3402
3403
3407
3408
3420
3422
3426
3431
3433
3447
3448
3449
3456
3464
3476
3483
3486
3490
3496
3506
3509
3510
3519
3527
3529
3537
3538
3539
3545
3546
3550
3553
3556
3561
3566
3568
3577
3585
3586
3599
3601
3606
3614
3619
3624
3633
3635
3646
3648
3653
3654
3664
3668
3670
3671
3672
3674
3678
3679
3680
3686
3689
3690
3698
3700
3701
3704
3707
3708
3713
3718
3728
3732
3739
3740
3741
3744
3749
3757
3759
3760
3762
3763
3766
3776
3779
3781
3789
3800
3801
3803
3806
3810
3811
3812
3818
3821
3824
3830
3831
3832
3834
3837
3842
3850
3852
3859
3863
3882
3885
3886
3888
3890
3892
3893
3894
3900
3908
3912
3913
3915
3918
3919
3921
3922
3923
3924
3925
3928
3929
3931
3932
3933
3939
3943
3949
3950
3951
3957
3960
3969
3971
3978
3981
3985
3990
3996
3998
3999
4004
4006
4007
4010
4015
4017
4019
4026
4028
4030
4032
4041
4043
4046
4048
4055
4057
4064
4068
4069
4076
4080
4092
4093
4094
4096
4116
4117
4119
4120
4121
4122
4123
4128
4135
4136
4147
4148
4150
4152
4160
4169
4170
4172
4176
4177
4181
4182
4183
4185
4186
4187
4189
4201
4206
4212
4215
4221
4226
4228
4239
4241
4242
4244
4250
4255
4256
4257
4258
4261
4262
4263
4266
4270
4271
4272
4275
4278
4281
4283
4287
4292
4297
4298
4299
4302
4308
4311
4318
4324
4328
4330
4335
4336
4345
4347
4352
4353
4354
4358
4362
4365
4366
4368
4369
4376
4382
4384
4388
4391
4394
4397
4415
4417
4421
4425
4426
4428
4429
4430
4431
4440
4448
4449
4451
4452
4470
4476
4478
4479
4481
4486
4487
4492
4494
4497
4498
4499
4500
4503
4504
4505
4509
4510
4517
4524
4526
4530
4533
4534
4538
4541
4544
4551
4552
4553
4559
4560
4562
4564
4567
4574
4577
4579
4580
4583
4584
4594
4595
4602
4605
4607
4609
4611
4627
4629
4631
4632
4635
4636
4640
4642
4645
4648
4649
4650
4653
4659
4660
4662
4667
4670
4674
4684
4685
4686
4691
4696
4700
4705
4708
4712
4713
4716
4717
4729
4731
4737
4738
4739
4740
4747
4748
4749
4751
4754
4757
4760
4765
4767
4771
4775
4788
4789
4790
4793
4794
4800
4802
4804
4806
4809
4811
4814
4816
4820
4822
4823
4824
4827
4832
4834
4837
4838
4840
4846
4849
4854
4855
4857
4858
4863
4866
4869
4873
4877
4880
4901
4905
4906
4911
4918
4919
4920
4923
4927
4932
4933
4935
4940
4945
4954
4960
4963
4966
4969
4974
4975
4977
4985
4987
4989
4991
4993
4997
5006
5008
5013
5014
5021
5022
5024
5025
5031
5034
5037
5045
5048
5050
5051
5052
5053
5059
5060
5062
5065
5067
5073
5075
5077
5080
5088
5092
5102
5104
5109
5111
5115
5118
5119
5123
5126
5127
5132
5134
5136
5137
5141
5142
5152
5158
5159
5168
5173
5176
5203
5206
5210
5216
5219
5220
5223
5225
5227
5231
5232
5233
5236
5238
5239
5245
5247
5248
5254
5255
5258
5261
5262
5267
5272
5278
5280
5281
5283
5284
5294
5297
5298
5300
5301
5309
5310
5311
5315
5317
5319
5321
5323
5324
5325
5327
5337
5340
5342
5348
5351
5352
5355
5364
5365
5368
5369
5370
5371
5374
5380
5386
5389
5395
5396
5401
5405
5412
5433
5437
5442
5444
5451
5460
5463
5464
5469
5472
5474
5475
5484
5490
5492
5495
5498
5499
5503
5506
5514
5518
5522
5523
5526
5527
5528
5530
5532
5535
5543
5547
5549
5550
5557
5558
5562
5567
5568
5573
5574
5578
5579
5581
5583
5584
5588
5591
5594
5595
5599
5609
5612
5614
5617
5618
5620
5622
5625
5639
5640
5642
5644
5645
5647
5653
5660
5669
5674
5675
5680
5681
5692
5699
5703
5706
5708
5709
5725
5729
5730
5731
5734
5745
5749
5750
5755
5756
5761
5765
5770
5775
5777
5780
5782
5785
5792
5796
5799
5800
5803
5817
5819
5820
5827
5834
5840
5854
5861
5864
5869
5870
5878
5879
5884
5886
5888
5896
5897
5898
5899
5900
5909
5917
5918
5919
5920
5921
5925
5926
5934
5936
5943
5946
5948
5951
5956
5967
5970
5973
5975
5987
5991
5994
5995
6003
6008
6009
6020
6023
6024
6026
6030
6035
6053
6054
6058
6062
6064
6066
6072
6076
6078
6081
6083
6085
6086
6092
6094
6105
6106
6109
6110
6111
6113
6114
6117
6120
6130
6133
6147
6154
6159
6162
6169
6170
6179
6180
6185
6187
6188
6193
6196
6203
6204
6206
6207
6208
6210
6214
6215
6216
6217
6221
6222
6224
6226
6229
6232
6236
6237
6258
6259
6260
6261
6265
6266
6278
6283
6287
6288
6297
6301
6303
6305
6306
6312
6315
6316
6318
6324
6334
6337
6339
6345
6346
6351
6356
6357
6363
6367
6370
6380
6381
6396
6397
6407
6417
6419
6421
6424
6425
6431
6441
6446
6449
6453
6458
6463
6465
6482
6483
6484
6489
6490
6491
6494
6495
6499
6509
6516
6517
6519
6522
6523
6527
6528
6531
6535
6537
6540
6543
6544
6546
6547
6550
6551
6552
6553
6556
6558
6561
6563
6565
6569
6570
6574
6575
6580
6587
6591
6592
6596
6598
6601
6605
6625
6626
6640
6641
6642
6646
6648
6652
6656
6659
6660
6662
6665
6680
6681
6685
6694
6695
6697
6698
6700
6707
6709
6710
6712
6715
6718
6720
6721
6723
6725
6728
6729
6734
6740
6741
6743
6746
6751
6752
6753
6755
6762
6766
6771
6780
6781
6786
6789
6798
6799
6802
6804
6805
6806
6809
6810
6812
6814
6816
6817
6818
6820
6822
6825
6829
6830
6831
6838
6839
6840
6846
6848
6849
6853
6862
6863
6864
6866
6875
6879
6880
6882
6885
6890
6892
6894
6895
6910
6912
6913
6916
6917
6918
6924
6926
6929
6937
6940
6941
6946
6953
6957
6966
6973
6974
6978
6981
6986
6987
6991
6993
6995
6999
7000
7006
7007
7008
7012
7024
7025
7029
7033
7038
7047
7048
7049
7051
7056
7062
7069
