Review_Number
1
7
23
28
38
41
44
56
59
66
69
70
72
82
88
110
124
133
136
143
148
168
178
200
201
221
225
238
239
242
243
244
250
251
258
264
266
268
273
281
287
300
306
307
319
322
349
354
361
369
372
376
378
390
394
402
404
407
409
411
412
414
416
417
420
421
431
437
446
453
463
466
469
470
471
492
493
500
505
506
507
511
514
521
522
525
528
542
553
554
555
559
560
562
590
594
597
600
605
609
611
614
620
632
633
638
667
671
673
676
680
684
688
698
706
721
723
726
730
738
756
763
765
768
796
800
802
811
815
818
823
825
834
844
847
853
858
869
873
891
895
896
898
900
902
908
909
917
921
924
931
944
958
966
967
969
970
972
975
978
980
996
998
1000
1009
1022
1023
1028
1043
1052
1054
1059
1067
1068
1076
1087
1090
1095
1096
1098
1109
1112
1125
1127
1130
1141
1153
1157
1164
1165
1168
1175
1179
1188
1209
1216
1231
1232
1243
1251
1265
1281
1292
1294
1309
1313
1316
1322
1323
1346
1352
1356
1371
1392
1399
1405
1413
1426
1431
1443
1449
1462
1465
1470
1476
1478
1479
1484
1491
1493
1507
1510
1521
1523
1524
1526
1532
1533
1536
1538
1539
1540
1546
1551
1554
1565
1576
1582
1593
1596
1600
1605
1611
1616
1636
1640
1642
1647
1650
1652
1666
1667
1696
1698
1710
1723
1739
1744
1752
1753
1756
1778
1783
1787
1793
1800
1812
1820
1831
1844
1846
1849
1859
1870
1874
1891
1895
1898
1915
1917
1920
1927
1955
1960
1964
1972
1973
1982
1990
1992
2000
2006
2008
2015
2022
2029
2033
2034
2037
2050
2055
2063
2064
2078
2088
2092
2094
2105
2108
2111
2112
2116
2121
2123
2129
2131
2143
2154
2156
2162
2164
2168
2173
2181
2194
2204
2223
2235
2238
2239
2248
2250
2253
2255
2257
2263
2265
2273
2274
2283
2289
2299
2303
2318
2325
2332
2338
2341
2349
2350
2356
2364
2366
2367
2370
2379
2389
2398
2406
2416
2418
2419
2420
2421
2425
2433
2440
2474
2479
2481
2482
2485
2507
2509
2511
2515
2553
2560
2569
2571
2573
2577
2579
2585
2593
2596
2599
2607
2608
2631
2634
2643
2652
2668
2678
2681
2693
2703
2704
2719
2721
2724
2745
2750
2753
2757
2758
2762
2764
2766
2771
2773
2779
2782
2785
2794
2796
2799
2801
2808
2825
2826
2831
2838
2866
2867
2869
2870
2873
2877
2883
2887
2890
2895
2903
2922
2923
2929
2936
2953
2955
2964
2969
2971
2977
2985
2991
2996
2999
3005
3013
3016
3018
3019
3020
3021
3030
3041
3044
3049
3051
3061
3063
3066
3084
3090
3093
3108
3112
3115
3117
3129
3149
3153
3161
3164
3167
3177
3186
3199
3205
3211
3216
3221
3225
3243
3251
3262
3263
3264
3268
3306
3308
3325
3344
3348
3351
3357
3362
3372
3375
3376
3379
3380
3395
3398
3402
3403
3407
3420
3426
3433
3529
3537
3538
3539
3546
3550
3553
3556
3568
3601
3606
3614
3619
3635
3646
3648
3653
3672
3678
3679
3698
3701
3718
3728
3739
3740
3744
3749
3760
3763
3766
3801
3803
3806
3824
3830
3842
3850
3863
3885
3888
3890
3892
3893
3894
3900
3912
3913
3915
3918
3919
3922
3923
3924
3928
3929
3932
3933
3939
3950
3978
3985
3998
3999
4006
4017
4019
4026
4030
4041
4043
4046
4048
4055
4064
4068
4069
4076
4093
4094
4096
4116
4119
4122
4123
4128
4135
4136
4147
4169
4170
4177
4181
4185
4186
4187
4189
4206
4212
4226
4228
4239
4241
4242
4244
4250
4256
4257
4258
4261
4262
4263
4271
4278
4297
4298
4299
4302
4308
4311
4324
4328
4336
4345
4352
4362
4366
4369
4376
4382
4384
4391
4394
4415
4421
4428
4431
4440
4448
4449
4452
4470
4476
4478
4481
4486
4487
4492
4497
4498
4503
4505
4509
4510
4526
4533
4534
4544
4553
4567
4574
4577
4580
4583
4594
4602
4605
4609
4611
4627
4632
4635
4640
4645
4649
4653
4660
4667
4670
4674
4686
4700
4705
4708
4712
4713
4729
4737
4738
4739
4740
4747
4748
4749
4757
4760
4767
4771
4788
4790
4800
4804
4806
4809
4814
4816
4837
4846
4849
4854
4855
4857
4858
4863
4877
4880
4901
4905
4906
4919
4932
4933
4935
4945
4966
4974
4975
4985
4989
5006
5014
5021
5025
5037
5045
5050
5052
5053
5059
5060
5062
5073
5080
5088
5092
5102
5115
5118
5119
5123
5126
5127
5132
5136
5137
5141
5152
5158
5159
5173
5176
5203
5206
5216
5219
5220
5223
5231
5238
5245
5247
5255
5258
5261
5272
5280
5284
5297
5298
5300
5309
5311
5321
5323
5324
5337
5340
5342
5348
5355
5369
5374
5395
5401
5437
5442
5460
5463
5464
5474
5475
5484
5490
5492
5498
5499
5503
5514
5526
5530
5532
5543
5547
5549
5550
5557
5567
5573
5574
5581
5584
5591
5595
5612
5614
5617
5618
5620
5622
5640
5645
5647
5653
5675
5680
5692
5703
5706
5709
5729
5734
5750
5761
5765
5775
5777
5780
5792
5796
5799
5800
5803
5817
5819
5820
5827
5834
5840
5861
5864
5878
5879
5888
5897
5898
5899
5900
5909
5917
5918
5919
5920
5925
5926
5934
5936
5943
5946
5956
5967
5970
5973
5975
5991
6003
6023
6024
6035
6053
6062
6064
6066
6076
6078
6086
6092
6094
6106
6109
6111
6113
6114
6117
6120
6130
6133
6154
6162
6169
6170
6179
6180
6185
6187
6188
6193
6196
6203
6204
6206
6207
6208
6210
6216
6217
6221
6222
6229
6236
6237
6258
6261
6265
6266
6288
6301
6305
6312
6315
6318
6324
6334
6337
6339
6345
6346
6351
6356
6357
6380
6381
6396
6407
6417
6421
6424
6425
6431
6441
6449
6453
6458
6463
6465
6483
6489
6490
6495
6499
6516
6517
6519
6522
6523
6528
6544
6547
6550
6553
6558
6561
6563
6565
6574
6575
6587
6591
6596
6598
6605
6625
6626
6640
6641
6648
6659
6660
6662
6665
6680
6685
6695
6697
6698
6707
6710
6712
6715
6718
6720
6721
6723
6725
6728
6729
6740
6743
6752
6753
6755
6762
6771
6780
6781
6799
6802
6804
6805
6809
6810
6812
6817
6818
6820
6830
6839
6840
6848
6849
6853
6862
6864
6866
6880
6882
6885
6892
6894
6895
6910
6912
6913
6916
6917
6918
6937
6940
6946
6953
6957
6966
6973
6978
6981
6986
6991
6995
6999
7000
7006
7008
7025
7029
7047
7048
7051
7056
7062
8002
8005
8009
